8943477775
8943466067
8943364918
8943357930
8943332564
8943324841
8943278347
8943267925
8943244303
8943235603
8943202720
8943200897
8943182700
8943171995
8943148045
8943143428
8943142948
8943098449
8943097729
8943091110
8943072784
8943055466
8943053016
8943038404
8943034557
8943013334
8943010675
8943000927
8942993144
8945052416
8944931337
8944841068
8944834423
8944819470
8944814087
8944764687
8944752572
8944742846
8944738770
8944695348
8944692094
8944680063
8944676424
8944628326
8944612322
8944611964
8944602781
8944570404
8944566156
8944565060
8944553935
8944525313
8944521919
8944521792
8944506550
8944476051
8944475950
8944475901
8944475884
